
x1 = -5.000000
y1 = -2.000000

x2 = -3.000000
y2 = 0.000000

x3 = 5.000000
y3 = 2.000000
